19002: 04 05 06 08 18 11
19001: 06 10 13 15 33 15
18153: 01 07 17 23 31 11
18152: 04 14 16 23 29 03
18151: 05 15 19 25 29 15
18150: 06 08 15 19 31 05
18149: 01 07 08 10 24 01
18148: 03 06 18 19 31 01
18147: 03 15 17 23 30 11
18146: 02 10 11 17 29 16
18145: 03 09 13 22 25 06
18144: 08 13 17 18 27 13
18143: 04 06 15 28 33 14
18142: 05 08 10 11 28 11
18141: 11 14 16 18 33 04
18140: 01 15 20 22 28 14
18139: 11 18 20 23 32 15
18138: 01 10 25 27 32 09
18137: 03 05 11 15 23 09
18136: 10 12 15 25 27 14
18135: 01 03 06 10 29 16
18134: 03 16 18 31 33 12
18133: 02 04 11 12 32 13
18132: 01 02 09 10 22 06
18131: 21 22 24 31 33 01
18130: 05 12 17 18 28 12
18129: 02 04 06 16 19 16
18128: 06 07 08 19 23 02
18127: 02 05 06 07 15 12
18126: 01 06 08 09 22 05
18125: 03 10 11 14 32 02
18124: 09 13 14 19 25 02
18123: 13 21 24 27 32 01
18122: 05 07 20 22 32 10
18121: 06 08 14 19 25 11
18120: 03 04 18 26 33 01
18119: 03 13 14 16 27 12
18118: 08 12 21 22 31 09
18117: 08 11 15 17 25 05
18116: 05 14 17 22 28 15
18115: 01 13 19 24 29 11
18114: 01 07 15 16 27 14
18113: 01 06 09 16 26 09
18112: 05 08 18 25 31 04
18111: 01 07 14 24 28 08
18110: 11 13 16 21 23 02
18109: 10 11 18 23 33 15
18108: 05 13 18 21 30 02
18107: 01 02 05 12 22 01
18106: 04 18 19 24 26 10
18105: 04 05 13 18 25 01
18104: 02 03 06 19 29 01
18103: 02 09 15 22 24 16
18102: 02 06 11 19 28 05
18101: 01 03 14 26 33 09
18100: 02 11 14 15 33 02
18099: 03 07 08 14 32 06
18098: 06 10 11 20 32 13
18097: 01 02 17 20 28 13
18096: 01 05 09 20 32 12
18095: 10 11 12 21 33 09
18094: 04 07 16 20 30 05
18093: 04 18 20 21 33 07
18092: 06 10 16 19 33 16
18091: 06 11 13 17 32 07
18090: 01 02 04 10 23 07
18089: 06 09 12 14 27 14
18088: 03 05 12 29 32 14
18087: 01 05 10 16 31 03
18086: 02 07 17 21 26 16
18085: 04 10 25 26 33 06
18084: 05 06 08 12 24 03
18083: 04 09 18 21 33 03
18082: 06 12 14 20 24 09
18081: 01 02 12 16 26 03
18080: 04 07 13 20 33 03
18079: 14 15 17 22 29 13
18078: 03 10 14 17 30 12
18077: 02 05 09 15 24 10
18076: 03 07 08 15 30 13
18075: 07 09 12 13 24 11
18074: 09 11 14 20 30 09
18073: 02 09 14 15 23 10
18072: 11 16 19 22 30 08
18071: 02 05 06 13 19 03
18070: 04 09 15 16 27 10
18069: 06 13 17 19 31 12
18068: 08 10 17 20 30 01
18067: 01 04 09 12 18 05
18066: 09 16 17 19 26 10
18065: 01 04 06 14 33 01
18064: 02 05 10 11 21 05
18063: 05 06 10 16 25 12
18062: 02 18 19 24 33 11
18061: 09 10 11 12 23 07
18060: 04 08 13 25 31 10
18059: 04 06 08 13 32 11
18058: 07 12 13 16 31 07
18057: 05 15 17 19 30 13
18056: 01 03 06 20 26 01
